[summary]
{"kind":"table","sheet":"报价总览","address":"A4:F13","rows":10,"cols":6,"values":[["核心结论","公司主体（含税）","个人开发者（含3%预留）","说明",null,null],["原系统建议签约价",1351490,799301,"原WMS/生产/质量/小程序/打印/部署与测试的整体重置交付价。",null,null],["Agent建议签约价",2059926,1210768,"Agent Runtime、Gateway/MCP、专家工具、报表、RAG、预览、安全与评测的整体重置交付价。",null,null],["软件整体建议签约价",3411416,2010069,"建议对外锚点；整体采购折扣已通过计价假设自动计算。",null,null],["生产化缺口另行预算",514995,309955,"不包含在软件重置价内，只有确需生产化时才投入；详见缺口表。",null,null],[null,null,null,null,null,null],["系统部分","公司签约价（含税）","个人签约价（含预留）","公司基准价","个人裸价基准","定位"],["原系统",1351490,799301,1469010,862245,"业务交易与现场数字化底座"],["Agent",2059926,1210768,2239050,1306113,"自然语言入口、智能聚合与安全自动化层"],["总计",3411416,2010069,3708060,2168358,"完整系统等价重置开发价值"]]}

[original]
{"kind":"table","sheet":"原系统报价","address":"H4:R19","rows":16,"cols":11,"values":[["基础人天","复杂度系数","加权人天","公司日费率","公司基准价","公司签约价分摊","公司价值占比","个人日费率","个人基准价","个人签约价分摊","个人价值占比"],[24,1,24,2300,55200,50784,0.03757630467114074,1350,32400,30035,0.037576582538993444],[32,1.1,35.2,2300,80960,74483,0.05511176553285633,1350,47520,44051,0.05511190402614284],[28,0.95,26.599999999999998,2300,61180,56286,0.041647366980147836,1350,35910,33289,0.041647639625122454],[50,1.15,57.49999999999999,2300,132250,121670,0.09002656327460802,1350,77625,71958,0.09002616035761246],[48,1.15,55.199999999999996,2300,126960,116803,0.08642535275880694,1350,74520,69080,0.08642551429311361],[42,1.15,48.3,2300,111090,102203,0.0756224611354875,1350,65205,60445,0.07562232500647441],[48,1.2,57.599999999999994,2300,132480,121882,0.0901834271803713,1350,77760,72084,0.09018379809358427],[60,1.2,72,2300,165600,152352,0.11272891401342222,1350,97200,90104,0.1127284965238377],[50,1.15,57.49999999999999,2300,132250,121670,0.09002656327460802,1350,77625,71958,0.09002616035761246],[36,1.2,43.199999999999996,2300,99360,91411,0.06763720042323658,1350,58320,54063,0.0676378485701882],[48,1.05,50.400000000000006,2300,115920,106646,0.07890994383976203,1350,68040,63073,0.07891019778531493],[36,1.1,39.6,2300,91080,83794,0.062001198677015736,1350,53460,49557,0.06200042286948221],[25,1.1,27.500000000000004,2300,63250,58190,0.0430561824356821,1350,37125,34415,0.04305637050372763],[42,1.05,44.1,2300,101430,93316,0.06904675580285463,1350,59535,55189,0.06904657944879339],[569,null,638.7,null,1469010,1351490,1,null,862245,799301,1]]}

[agent]
{"kind":"table","sheet":"Agent报价","address":"H4:R18","rows":15,"cols":11,"values":[["基础人天","复杂度系数","加权人天","公司日费率","公司基准价","公司签约价分摊","公司价值占比","个人日费率","个人基准价","个人签约价分摊","个人价值占比"],[42,1.15,48.3,3000,144900,133308,0.06471494607087827,1750,84525,78355,0.0647151229632762],[68,1.2,81.6,3000,244800,225216,0.10933208280297448,1750,142800,132376,0.10933225853342672],[54,1.25,67.5,3000,202500,186300,0.09044014202451933,1750,118125,109502,0.0904401173470062],[48,1.15,55.199999999999996,3000,165600,152352,0.07395993836671803,1750,96600,89548,0.07395966857399601],[60,1.2,72,3000,216000,198720,0.09646948482615395,1750,126000,116802,0.09646934838053203],[42,1.2,50.4,3000,151200,139104,0.06752863937830776,1750,88200,81761,0.06752821349754866],[52,1.15,59.8,3000,179400,165048,0.08012326656394453,1750,104650,97011,0.08012352490320193],[44,1.2,52.8,3000,158400,145728,0.0707442888725129,1750,92400,85655,0.07074435399680203],[42,1.2,50.4,3000,151200,139104,0.06752863937830776,1750,88200,81761,0.06752821349754866],[55,1.25,68.75,3000,206250,189750,0.09211495946941783,1750,120313,111530,0.09211508728344324],[36,1.1,39.6,3000,118800,109296,0.05305821665438467,1750,69300,64241,0.05305805901708668],[45,1.2,54,3000,162000,149040,0.07235211361961547,1750,94500,87602,0.07235242424642871],[40,1.15,46,3000,138000,126960,0.061633281972265024,1750,80500,74624,0.06163360775970293],[628,null,746.35,null,2239050,2059926,1,null,1306113,1210768,1]]}

[errors]
{"kind":"notice","message":"Cell search matched 0 entries."}